1000
0 181 993
0 560 170
0 118 902
0 590 417
0 623 871
0 13 713
0 220 904
1 347 301
1 695 179
1 51 730
1 345 377
2 276 869
2 760 117
2 866 175
2 474 261
3 110 468
3 29 620
3 340 247
3 273 175
4 139 167
5 14 816
5 501 628
5 817 976
5 753 938
5 631 805
5 575 2
6 340 386
6 466 773
6 625 811
6 674 468
7 896 648
7 497 631
7 217 510
7 750 423
8 540 944
9 350 53
9 539 819
9 325 589
9 724 465
9 784 358
9 392 858
9 777 410
10 140 137
10 121 256
10 678 717
10 82 827
11 405 469
11 248 417
11 202 750
11 797 704
11 597 140
12 641 599
12 834 242
12 686 560
12 567 469
12 247 675
12 49 553
13 212 664
14 73 588
14 44 738
14 190 830
14 17 765
14 625 479
14 701 567
14 932 50
15 270 78
16 711 513
16 523 819
16 799 195
16 579 910
17 951 324
17 266 103
18 237 494
18 410 697
18 822 915
18 981 963
18 611 793
18 337 905
19 595 105
19 790 260
19 685 780
19 749 827
20 719 654
20 129 827
21 201 302
22 151 721
22 532 946
23 707 652
23 546 899
23 830 835
24 768 646
24 461 871
24 609 172
24 753 450
24 500 363
24 257 535
24 760 721
25 184 963
25 517 695
25 767 285
25 71 554
26 700 25
27 552 66
27 918 967
27 705 393
27 977 506
27 13 623
28 927 211
28 731 584
28 16 644
30 385 971
30 216 898
30 332 962
30 992 445
30 625 715
30 814 844
31 969 843
31 868 652
31 492 737
31 66 424
31 969 783
31 44 122
32 616 659
32 484 336
33 278 346
33 914 312
33 184 364
33 763 304
33 603 215
33 505 122
33 953 580
34 173 910
34 268 831
34 269 987
34 584 392
34 823 639
34 474 635
35 328 466
35 832 746
35 917 995
36 186 958
36 117 304
36 402 53
37 38 823
37 479 480
37 391 128
37 988 809
38 228 37
39 640 123
39 852 476
39 420 574
39 950 274
39 22 978
39 616 450
39 172 456
40 858 591
40 526 164
41 795 399
41 688 149
41 38 85
41 595 364
42 487 372
42 421 740
42 493 565
42 455 580
42 821 865
43 177 995
43 526 634
43 910 124
43 367 667
43 560 166
43 677 781
43 563 700
44 955 853
44 931 278
44 890 762
44 538 127
45 915 281
45 980 621
45 852 872
45 343 218
45 156 657
46 358 269
46 353 167
46 222 809
46 717 339
47 247 567
47 70 962
48 841 782
48 104 361
48 514 844
49 727 904
49 465 725
49 821 387
49 109 573
49 567 150
50 626 35
50 337 627
50 164 469
51 194 532
51 612 542
51 717 258
51 429 505
51 328 558
51 27 233
52 994 379
52 827 419
52 858 768
52 27 693
52 661 160
52 821 727
52 487 702
53 10 959
53 949 455
53 500 670
53 750 190
54 723 974
54 690 645
54 570 205
54 49 315
54 820 579
54 281 19
55 896 843
55 784 7
55 858 427
56 969 722
56 75 865
56 469 492
56 369 256
57 620 75
57 122 532
57 619 696
57 243 392
57 865 584
57 498 846
58 459 867
58 173 916
58 496 142
58 823 112
58 214 553
58 230 300
59 650 131
60 661 905
61 522 363
61 125 288
61 658 500
61 291 224
61 981 577
62 618 510
62 619 907
62 127 336
62 975 211
62 54 823
63 661 777
63 982 397
63 708 612
64 902 878
65 572 316
65 22 822
65 156 488
66 450 519
66 41 878
66 233 49
67 554 406
67 895 595
67 615 832
68 478 26
68 297 431
68 770 372
68 497 898
68 716 317
69 214 101
69 492 438
69 643 960
69 295 941
69 275 555
69 546 90
69 820 335
69 829 579
70 701 397
70 943 643
70 216 396
70 143 57
71 898 955
71 404 81
71 791 410
71 416 211
72 418 31
72 802 72
72 6 956
72 710 403
72 56 206
72 68 200
72 667 685
73 374 745
74 121 783
75 523 167
75 946 754
75 819 78
75 925 952
75 463 362
76 254 280
76 620 275
76 864 987
76 233 235
77 148 59
77 936 170
77 628 513
78 414 545
78 583 741
79 21 48
80 835 429
80 51 525
80 545 148
80 534 877
81 372 952
81 806 259
81 177 88
81 463 218
82 868 529
82 932 877
82 90 604
82 671 35
82 316 600
83 432 334
84 935 162
84 577 400
84 914 808
84 328 683
85 535 997
85 81 867
86 541 959
86 651 58
86 12 815
86 505 539
87 100 720
87 930 90
87 873 66
87 793 378
87 386 203
87 341 937
88 876 792
88 548 121
88 850 684
88 288 607
88 383 195
88 92 343
89 787 756
89 294 3
89 116 688
89 231 911
90 754 33
90 990 669
91 293 603
91 457 878
91 776 154
91 23 319
91 570 162
91 858 747
91 821 681
92 799 482
92 623 258
92 695 600
92 890 749
92 540 816
92 258 533
92 131 458
93 508 368
93 873 578
93 527 30
93 426 411
94 40 312
94 618 684
94 463 344
94 287 357
94 844 749
94 826 999
94 924 832
95 63 371
95 178 24
95 253 429
95 772 104
95 193 451
96 81 177
96 50 180
96 124 721
96 169 56
97 763 492
97 945 854
98 549 661
98 484 830
98 777 45
98 936 450
99 805 244
99 779 604
99 906 17
99 938 429
99 929 623
100 522 869
100 804 17
100 421 394
100 78 510
101 27 506
101 498 9
101 121 792
102 565 919
102 451 855
102 986 571
102 0 190
102 514 752
103 507 585
103 873 173
104 269 738
104 934 841
104 145 243
104 603 725
104 88 400
104 98 577
104 514 423
105 618 699
105 12 36
105 371 657
105 475 782
105 281 765
106 620 336
106 325 315
106 839 954
106 967 532
106 456 838
106 884 367
106 910 650
107 201 32
107 271 441
107 379 769
108 196 637
108 232 233
109 384 392
109 878 651
109 265 548
109 812 249
110 25 440
110 272 228
110 710 760
110 389 448
110 632 809
110 941 926
111 401 869
111 549 31
111 761 610
112 951 3
112 500 843
112 475 332
112 612 408
112 621 50
113 91 931
113 22 672
113 531 346
113 734 997
113 48 918
114 868 566
114 439 9
114 757 942
114 354 942
115 612 155
115 696 606
115 947 706
115 86 870
115 400 845
116 91 47
116 431 940
116 539 818
116 198 781
116 287 683
116 512 613
116 345 255
117 968 143
117 429 166
117 859 800
117 977 170
117 719 46
118 767 118
118 685 410
118 92 981
118 547 402
118 399 954
119 971 714
119 269 338
120 14 342
120 230 47
120 304 939
120 317 585
120 732 68
120 133 977
121 675 198
121 596 419
122 113 236
122 181 877
122 694 126
123 756 519
123 510 206
124 948 414
124 966 600
124 504 653
124 17 526
125 997 201
125 551 964
125 521 254
125 503 766
126 877 660
126 739 677
126 134 814
126 35 582
126 693 130
127 326 523
127 372 251
127 599 190
127 991 410
127 361 583
128 458 812
128 584 152
128 503 331
128 819 336
128 380 413
128 174 574
129 476 889
130 792 887
130 745 791
131 776 716
131 570 855
131 374 514
131 986 706
132 975 970
132 307 144
132 837 512
132 351 440
132 775 978
132 425 197
133 910 77
133 273 14
133 481 419
133 631 81
133 823 630
133 364 633
133 11 159
133 297 928
133 432 692
133 385 387
134 632 300
134 415 958
135 398 752
135 264 232
135 730 894
135 632 676
135 899 261
135 988 978
136 347 70
137 189 536
137 478 581
137 596 734
137 445 953
137 458 277
138 24 860
138 550 739
138 353 748
139 46 293
139 827 796
139 645 835
139 125 30
139 606 899
139 999 445
139 652 416
139 168 441
139 872 570
140 296 803
140 598 203
140 238 277
140 896 623
140 196 287
141 673 546
141 503 764
141 423 131
142 18 499
142 820 12
142 345 214
142 184 743
142 472 580
143 33 205
143 785 375
143 768 19
143 851 715
143 9 186
143 689 9
144 311 624
144 50 116
144 921 759
144 626 94
146 776 343
146 658 833
146 911 691
146 450 939
147 459 927
147 252 134
147 427 207
148 398 527
148 841 306
148 396 173
149 488 128
149 661 381
149 733 269
149 809 786
150 376 595
150 864 325
150 626 817
151 31 433
151 965 329
151 16 598
152 771 577
152 168 236
152 386 62
153 694 224
153 897 978
153 856 729
154 334 624
154 271 83
154 730 440
155 542 982
156 442 251
156 128 44
156 747 636
156 29 828
156 504 989
157 856 119
158 273 469
158 284 882
159 708 64
160 1 818
160 516 71
161 880 930
161 541 84
162 51 187
162 710 596
162 391 676
162 38 735
162 721 350
162 959 960
163 825 165
163 527 795
163 652 392
163 674 643
163 506 787
163 103 105
163 183 692
163 734 300
164 26 412
164 107 132
164 544 331
164 92 240
164 844 784
164 354 125
165 74 16
165 580 583
165 732 891
165 984 3
166 794 879
166 355 182
166 75 333
167 670 105
167 379 37
167 269 781
167 631 501
167 438 148
168 345 279
168 983 508
168 761 247
168 229 475
168 307 54
168 820 837
168 663 355
169 330 520
169 662 195
170 809 899
170 674 31
170 565 419
170 13 385
170 340 437
171 203 501
171 56 828
171 520 168
171 955 477
172 601 193
173 464 434
173 687 267
173 107 47
174 492 296
174 952 875
174 962 649
175 474 18
176 384 221
176 73 214
177 423 751
177 692 692
177 57 508
177 861 6
177 210 352
178 887 653
178 119 109
179 632 238
179 103 971
179 721 694
179 204 706
179 852 393
179 52 892
180 413 855
180 432 459
180 714 99
180 477 263
180 164 269
180 378 110
181 334 862
181 123 682
181 125 371
181 198 791
182 871 790
182 406 826
182 671 966
182 657 957
183 731 780
183 617 305
183 820 855
184 502 300
184 565 363
184 154 757
184 765 40
184 343 106
185 203 869
185 796 463
185 241 600
185 165 279
186 416 893
186 814 236
186 124 838
186 416 553
186 661 750
187 786 89
187 428 556
187 224 751
188 339 279
188 687 356
188 739 673
188 467 415
188 189 185
189 704 583
189 700 702
189 401 721
190 624 37
190 463 695
190 725 348
190 729 185
191 565 339
191 966 311
192 924 116
192 328 667
192 175 130
192 6 310
192 851 718
193 287 85
193 246 642
194 101 167
194 354 368
194 145 475
194 310 448
194 255 505
195 520 46
195 230 723
195 915 897
195 294 653
195 728 167
196 671 506
196 820 442
196 103 948
197 840 98
198 706 712
198 181 66
199 507 737
199 93 294
199 392 56
200 170 536
200 226 204
201 23 935
201 227 10
202 772 588
202 588 314
202 244 387
202 819 999
203 257 841
203 186 524
203 562 762
203 485 128
203 341 770
203 304 955
203 378 261
204 772 508
204 193 470
204 596 292
204 55 627
205 129 252
205 187 968
205 539 112
205 714 742
206 195 274
206 894 365
206 114 392
206 130 953
207 228 879
207 848 27
207 398 153
207 326 631
207 297 544
208 615 672
208 30 926
208 634 369
208 354 356
208 287 133
209 924 542
209 633 580
209 536 371
209 799 899
209 788 826
209 79 380
209 897 50
209 156 85
209 500 417
209 620 977
209 955 261
209 166 789
210 780 766
210 69 743
211 89 328
211 518 42
212 752 947
212 903 137
212 605 123
212 511 116
212 362 98
212 845 239
214 977 665
214 861 425
215 965 623
215 940 659
215 796 678
215 237 337
215 700 628
215 825 814
216 17 620
216 669 98
216 571 209
216 226 873
217 593 138
217 580 989
217 831 662
217 31 464
217 937 134
217 235 622
217 437 79
218 703 121
218 825 936
219 948 975
219 329 976
219 833 37
219 521 132
219 259 459
219 749 960
219 105 1
219 545 113
219 257 445
220 839 83
220 306 174
220 62 599
220 754 763
220 413 186
221 253 232
221 460 979
221 224 318
223 436 964
223 40 822
223 348 642
223 417 240
224 175 713
224 452 181
224 950 432
224 731 664
224 489 400
225 152 366
225 610 132
225 417 251
225 695 617
225 329 177
225 104 663
226 343 355
226 613 890
226 299 731
226 798 385
226 131 880
226 615 671
226 989 614
226 259 818
226 464 693
226 280 567
226 542 667
226 686 132
227 263 342
227 624 976
227 132 965
228 942 77
228 659 175
228 743 909
228 332 997
228 793 213
228 804 635
229 624 543
229 970 553
229 111 412
229 677 219
230 684 242
230 560 121
230 324 457
230 447 45
230 84 916
230 51 107
231 401 943
231 936 52
231 997 943
231 99 405
232 355 900
232 766 808
232 863 282
232 640 459
232 152 266
232 196 227
232 895 157
233 589 43
233 640 541
233 728 211
234 119 400
234 384 787
234 110 750
234 121 819
235 88 372
235 966 831
236 556 678
236 440 629
237 962 401
237 7 102
239 549 94
239 170 143
239 420 142
239 838 795
239 801 629
239 737 625
240 341 76
240 902 192
240 389 95
240 687 875
240 546 444
241 996 94
241 354 501
241 659 961
241 137 234
242 529 115
243 589 974
243 654 928
243 737 652
243 824 558
243 161 656
243 119 307
243 887 799
243 496 306
244 942 169
244 617 831
244 867 451
245 487 161
245 850 158
245 29 403
245 250 915
246 603 485
246 882 691
246 5 471
246 818 424
246 384 307
246 737 860
247 241 451
247 650 160
247 97 871
247 911 63
247 40 698
248 778 744
248 176 578
248 355 215
248 782 539
249 604 411
249 903 490
249 812 577
249 161 655
249 474 74
250 600 634
251 696 498
252 167 360
252 636 756
252 831 221
252 816 272
252 797 939
252 218 521
252 147 443
252 474 68
253 962 247
253 901 782
253 634 32
253 800 780
253 40 471
253 1 757
254 518 296
254 138 682
254 494 820
254 713 876
254 148 13
255 780 303
255 238 947
255 962 106
255 572 328
256 493 41
256 867 612
256 18 727
256 114 666
256 365 356
256 46 753
257 490 171
257 499 466
257 315 720
258 66 460
258 857 657
258 918 545
258 607 675
258 758 606
258 74 317
259 376 635
259 709 195
259 809 346
259 264 34
260 396 516
261 88 344
261 330 695
262 162 596
262 950 272
262 394 582
263 900 267
263 241 47
264 85 646
264 605 206
264 353 504
265 77 361
265 424 21
265 435 18
265 454 991
265 719 697
265 281 170
265 878 896
265 413 663
266 609 977
266 906 23
267 99 836
267 234 336
267 706 535
268 590 798
268 630 288
268 57 316
269 31 540
269 22 826
269 233 983
270 433 439
270 564 843
270 989 82
271 984 399
271 880 593
271 401 497
271 249 598
271 941 232
271 828 7
271 751 905
271 81 218
271 131 317
271 543 104
271 213 761
271 781 816
272 976 414
272 150 342
272 420 732
273 240 929
273 697 519
273 577 178
273 119 737
274 442 984
274 731 823
274 772 80
274 308 902
274 38 625
274 966 27
275 246 276
275 303 205
275 22 495
275 628 333
275 858 640
275 311 398
275 107 224
276 634 313
276 805 559
277 169 189
277 632 221
277 17 911
277 99 194
277 325 277
277 642 922
277 912 282
277 541 772
277 195 941
278 761 130
278 218 655
278 155 799
278 551 853
279 914 884
279 838 770
279 77 643
279 868 278
279 211 332
279 823 405
280 127 859
280 407 688
280 203 208
281 408 253
281 236 458
282 57 45
282 36 262
282 410 586
283 160 306
283 761 19
283 301 825
283 523 838
284 997 37
284 617 819
284 503 289
284 700 518
284 596 995
285 805 174
285 34 430
285 403 92
285 242 735
285 848 631
286 838 591
286 884 803
288 87 582
288 153 398
288 181 557
288 319 7
289 552 564
289 474 370
289 715 239
290 724 470
290 425 932
290 316 872
291 656 695
291 609 208
291 228 925
292 983 295
293 667 42
294 454 996
294 775 715
294 32 912
295 106 794
295 782 770
295 448 487
295 394 137
295 331 594
295 848 620
296 991 350
296 561 939
296 878 144
296 545 266
297 983 431
297 993 299
298 709 936
298 118 892
298 300 626
299 642 174
299 681 77
299 219 233
299 564 643
300 166 709
301 539 748
301 529 762
301 916 600
301 885 38
302 899 66
302 706 564
302 669 731
302 811 533
303 360 538
303 265 102
303 472 967
303 818 94
304 15 98
304 6 165
304 628 830
304 10 304
304 725 140
305 385 191
305 676 760
306 348 550
306 395 823
306 886 327
307 852 817
307 929 804
307 443 493
307 652 614
308 568 543
308 718 483
308 798 294
309 296 824
309 924 250
309 844 202
310 668 326
310 63 400
310 929 182
310 573 763
311 518 228
311 409 321
311 89 611
311 883 257
311 380 483
311 245 167
311 297 123
311 995 846
312 33 121
312 969 400
312 641 231
312 624 936
312 80 655
312 232 16
312 63 803
312 232 61
313 474 889
313 442 850
313 298 692
313 220 837
314 563 509
314 91 808
314 988 472
314 320 675
315 924 57
315 476 792
315 114 394
315 570 225
315 47 492
316 930 102
317 502 953
317 502 969
317 261 912
317 343 221
317 34 9
318 385 845
318 977 867
318 402 490
318 95 925
319 231 58
320 545 754
320 746 597
320 160 527
321 354 750
321 583 477
321 177 849
322 891 44
322 498 637
322 356 555
322 443 890
322 52 259
323 218 519
323 710 426
323 371 489
323 165 998
324 151 677
324 282 953
325 677 221
325 178 747
325 569 793
325 818 713
325 177 395
325 403 955
326 88 571
326 72 518
326 476 306
326 70 21
326 450 469
326 541 350
327 411 547
327 201 373
327 842 816
327 724 738
328 553 673
328 324 631
328 735 435
328 812 603
329 655 932
330 605 934
330 593 341
330 665 565
330 24 249
331 472 483
331 126 466
331 410 766
332 627 731
332 293 342
332 726 694
332 562 929
332 153 558
333 601 143
333 114 399
333 190 670
333 838 885
333 268 866
333 285 792
333 518 580
333 101 255
334 693 140
334 837 239
334 810 731
334 136 520
334 258 571
335 205 803
335 259 826
335 665 979
335 22 178
335 143 575
336 71 656
336 454 135
336 421 523
336 858 297
336 901 1000
337 578 906
337 439 143
337 556 730
337 175 989
337 697 803
338 110 929
338 462 803
338 297 127
338 3 953
338 664 796
338 972 914
338 268 8
339 799 570
339 612 815
339 258 873
339 25 518
339 963 456
339 142 79
339 787 63
339 60 709
340 694 867
340 892 165
340 773 542
340 646 511
340 800 918
340 206 870
341 735 114
341 108 381
341 128 819
341 834 633
341 618 528
341 183 479
341 982 874
341 725 434
341 13 954
342 102 822
342 666 533
342 677 271
342 767 628
342 199 684
342 261 962
342 527 547
343 466 730
343 7 989
343 125 667
343 762 20
344 75 352
344 274 31
344 964 62
344 796 391
345 826 182
345 946 155
345 19 415
345 857 672
345 858 7
346 936 240
346 957 976
346 890 391
346 361 408
347 177 32
347 67 436
347 909 795
348 106 930
348 657 160
348 193 522
349 700 726
349 205 469
349 183 115
349 647 783
349 679 863
350 608 590
350 82 34
350 729 373
350 315 618
351 243 447
352 411 622
353 229 584
353 556 237
353 430 895
353 673 303
354 319 957
354 297 288
354 174 413
354 458 425
354 373 506
354 634 106
354 473 781
355 158 758
355 943 699
356 965 281
356 318 907
356 498 987
356 302 827
357 416 648
357 622 788
357 527 345
357 242 334
357 510 64
358 651 116
358 941 912
358 59 990
358 266 268
358 285 632
359 210 384
359 783 307
359 582 537
360 380 88
360 212 69
360 849 784
360 981 478
360 361 753
361 39 473
361 888 594
362 780 581
362 577 726
362 158 806
362 141 880
363 64 972
363 899 646
363 985 794
364 74 641
365 204 226
365 66 319
366 649 745
366 609 397
366 139 391
367 120 182
367 893 88
368 915 896
368 150 433
369 237 243
369 374 465
369 722 46
370 747 16
370 955 375
371 767 988
371 370 602
371 570 2
371 635 393
371 15 196
372 101 941
372 5 260
372 971 513
372 375 433
372 474 210
373 272 271
373 444 228
373 147 123
373 381 945
373 80 626
373 781 887
374 796 951
374 15 626
374 477 286
374 606 69
375 578 94
375 120 297
375 783 539
375 737 801
375 939 821
375 299 627
376 777 811
376 926 552
376 860 604
377 18 39
377 902 535
377 182 21
377 472 837
377 815 63
377 537 965
378 283 338
379 66 927
379 54 745
379 363 591
379 460 227
379 911 338
379 929 372
379 610 802
379 666 608
380 60 198
380 93 776
380 139 809
380 116 55
380 88 497
381 667 206
382 783 620
382 270 840
382 84 29
383 939 933
383 739 572
383 800 457
384 901 738
384 99 39
384 16 26
384 229 490
384 781 460
385 448 644
386 517 937
387 769 964
387 353 462
387 414 161
387 930 633
387 734 907
387 450 584
387 502 288
387 621 830
387 242 283
388 747 272
388 573 644
388 548 449
389 320 298
389 837 289
389 533 733
390 632 595
390 497 799
390 306 192
390 580 70
391 258 183
391 383 532
391 265 273
391 663 413
391 81 803
392 395 480
392 82 448
393 542 591
393 54 131
393 582 140
393 754 545
393 191 474
394 198 294
394 389 422
395 894 927
395 23 314
395 682 714
395 930 757
395 841 688
396 821 892
396 322 133
396 969 238
396 61 456
396 751 432
397 749 427
397 986 480
397 816 88
397 616 514
397 854 512
398 825 147
399 252 599
399 981 419
399 16 983
400 138 698
400 497 560
400 872 116
400 360 812
401 323 367
401 879 801
401 803 293
401 881 154
401 62 674
401 290 503
401 57 948
402 257 219
402 22 174
402 588 875
402 618 520
403 589 135
403 680 221
403 555 738
403 913 635
404 765 328
404 442 429
404 449 655
404 330 531
404 882 485
405 909 602
405 445 593
405 6 270
405 681 3
405 868 597
406 293 324
406 993 871
406 711 954
406 566 14
406 123 329
406 160 880
406 853 927
406 988 221
407 27 552
407 24 67
407 528 280
407 974 348
408 800 26
408 653 760
408 125 680
409 96 423
409 95 811
409 387 648
411 540 700
411 813 603
411 360 840
411 702 754
411 318 131
411 779 445
411 722 705
411 206 235
412 370 935
412 25 73
413 542 759
413 531 676
414 537 864
414 439 14
414 0 388
414 247 958
415 656 848
415 879 889
415 496 909
415 597 259
416 725 582
417 363 377
417 726 878
417 460 310
418 404 384
418 785 751
418 363 459
418 345 293
418 125 518
419 857 639
419 220 169
419 307 497
419 60 600
419 56 114
419 77 702
421 984 133
421 637 637
422 204 347
423 462 288
424 77 737
424 834 383
424 991 342
425 520 208
425 484 23
425 499 995
427 920 207
428 552 967
428 165 141
428 897 202
428 398 732
428 0 54
429 512 597
429 863 831
429 689 279
429 378 276
429 965 307
430 82 317
430 98 319
430 645 143
430 811 313
430 827 166
430 890 511
431 23 292
431 564 128
431 271 550
431 524 88
431 240 348
431 239 782
431 957 34
432 594 312
432 371 596
433 310 985
433 658 44
433 160 161
433 632 165
433 844 250
434 794 351
434 492 254
434 459 247
434 861 259
434 640 870
435 868 818
435 555 595
435 259 921
435 306 954
435 499 293
435 867 130
436 861 295
436 919 594
436 506 659
437 91 905
437 355 916
437 230 883
437 97 235
437 280 628
438 578 673
438 502 578
438 572 219
438 928 840
438 373 900
438 875 978
439 713 377
439 277 106
439 588 40
440 683 123
440 798 616
440 462 880
440 735 261
441 737 888
441 724 405
441 964 196
441 386 606
441 459 985
441 12 164
441 485 131
442 757 798
442 727 335
442 16 43
442 457 649
442 835 49
442 877 733
443 234 869
443 680 48
443 170 608
443 515 554
443 821 451
443 824 894
443 456 939
444 602 995
444 577 276
444 354 751
444 404 532
444 686 676
444 242 743
444 241 304
444 304 138
445 155 100
445 717 725
445 598 15
445 159 593
445 51 21
445 382 817
445 941 489
446 521 186
446 220 71
446 427 619
446 463 554
447 942 601
447 695 558
447 928 406
448 651 995
448 337 670
448 30 511
449 248 588
449 154 613
449 688 693
449 492 297
449 211 346
450 65 14
450 821 757
450 191 749
450 518 978
450 375 514
450 460 255
451 423 587
451 560 985
451 822 398
451 45 331
451 663 870
451 0 719
452 912 141
452 480 644
452 883 986
452 341 740
452 547 279
452 643 734
453 698 33
453 527 525
453 234 237
454 411 631
454 802 686
454 296 452
455 319 523
455 149 12
455 407 444
455 867 164
456 90 786
456 803 219
456 485 330
456 375 150
457 85 843
457 27 291
457 915 259
457 146 96
458 846 485
458 869 38
458 623 93
458 554 352
458 446 182
459 211 59
459 392 786
459 314 358
459 546 547
459 673 412
459 688 431
459 548 676
459 493 77
460 650 750
460 918 499
461 825 638
461 558 10
461 186 481
461 803 921
461 760 984
462 174 869
462 861 412
462 212 865
463 500 380
463 308 973
463 713 235
463 812 321
463 469 785
464 72 681
464 916 380
465 346 481
465 333 61
466 46 860
466 877 35
466 13 76
466 339 77
466 119 792
467 422 411
468 36 415
468 199 580
469 971 451
469 55 269
469 586 503
469 839 858
469 188 72
470 632 984
470 336 745
470 876 503
471 799 183
471 843 980
471 198 554
471 60 92
471 800 473
472 216 536
473 679 356
473 747 60
473 671 58
473 414 717
474 927 383
474 979 114
474 206 591
474 408 561
474 315 337
475 457 111
475 311 408
475 217 850
475 299 898
475 294 387
475 966 757
476 396 664
476 607 395
476 810 376
476 888 498
476 908 670
476 250 390
477 775 479
478 50 146
478 298 586
478 418 863
479 86 585
479 871 616
479 862 314
479 422 19
479 389 182
480 987 986
480 28 421
480 510 643
480 894 663
480 314 139
480 426 69
481 320 533
481 76 885
481 1 118
481 265 362
482 573 494
482 618 211
482 912 841
482 380 217
482 564 58
482 201 758
483 87 806
483 700 419
483 320 987
483 245 124
483 475 430
483 347 221
483 211 15
483 80 898
484 222 693
484 80 661
484 994 755
484 547 515
484 394 694
484 748 27
485 169 373
485 617 257
485 984 123
485 324 86
485 171 913
486 229 409
486 237 921
487 985 895
487 970 653
487 289 131
487 723 78
487 875 83
487 423 692
487 623 25
487 615 946
488 505 151
488 207 402
488 440 134
489 447 986
489 413 416
489 190 352
489 608 134
490 236 170
491 160 65
491 285 523
492 347 329
492 949 300
492 596 987
492 618 193
493 876 755
493 932 284
493 309 912
494 974 58
494 649 862
494 48 915
495 532 82
495 882 481
495 659 387
495 117 934
496 118 693
496 955 597
496 886 13
496 785 179
496 909 437
498 520 477
498 165 419
498 161 556
498 956 386
498 271 690
499 280 573
499 442 536
499 577 765
500 865 433
500 850 645
501 930 398
501 862 977
502 411 52
502 645 577
502 909 15
502 737 584
502 143 258
503 829 797
504 40 544
504 366 313
504 256 8
504 235 261
505 496 827
505 100 612
505 166 162
505 7 63
505 432 778
506 154 933
506 135 233
506 739 351
507 258 7
507 745 188
507 415 139
507 368 751
508 186 696
508 172 370
509 887 909
510 534 418
510 567 737
511 873 157
511 166 166
511 918 493
511 783 47
512 268 742
512 215 306
512 131 105
512 396 294
512 761 482
512 242 349
512 445 845
513 84 234
513 450 784
513 610 131
513 297 716
513 348 691
513 795 108
514 983 593
514 579 360
514 967 899
514 728 809
514 553 86
514 501 857
514 128 540
515 667 974
515 178 976
515 521 489
515 884 594
515 875 464
516 529 261
516 714 323
516 592 907
516 537 6
516 326 759
516 483 741
516 422 581
517 520 441
517 583 269
517 883 414
518 927 598
518 879 711
518 714 214
518 179 615
519 847 480
519 831 68
519 17 205
519 397 678
519 397 75
519 211 608
520 119 143
520 771 38
521 658 64
521 751 351
521 804 68
521 100 214
522 710 428
522 489 471
522 576 642
523 284 671
523 657 700
523 457 219
523 108 283
523 198 922
524 611 400
525 900 172
525 184 710
525 414 482
525 173 245
525 784 698
525 931 67
525 518 200
527 924 993
527 853 392
528 269 826
529 117 816
529 973 986
529 552 162
529 20 733
529 79 679
530 761 18
530 478 42
530 991 651
531 462 721
531 364 842
531 964 136
531 451 511
531 917 746
532 30 108
532 397 243
532 539 581
532 315 412
532 281 636
533 520 158
533 882 406
534 460 356
534 440 482
534 87 883
534 967 541
534 299 997
535 119 234
535 571 477
535 254 357
535 709 567
535 119 636
536 279 310
536 110 379
536 34 593
537 128 461
537 736 587
537 658 279
537 68 185
537 648 192
537 788 15
538 890 61
539 828 587
539 755 204
539 43 728
539 45 283
540 68 97
540 678 697
541 698 634
541 432 963
541 450 940
541 743 969
541 524 646
542 974 494
542 863 952
542 67 792
542 306 862
542 898 130
542 805 969
542 903 460
543 66 907
543 968 160
543 706 347
544 649 6
544 644 963
544 204 205
544 786 201
544 61 276
544 221 976
544 118 78
544 805 42
544 166 87
545 820 942
545 350 706
545 290 63
545 302 927
546 567 185
546 765 533
546 355 903
546 916 418
546 63 250
547 113 979
547 437 944
547 610 165
548 485 692
548 63 549
548 19 288
548 48 67
549 751 901
549 124 58
549 656 690
549 194 51
549 728 964
550 735 87
550 439 389
550 681 404
550 250 791
550 361 408
550 671 193
551 967 561
551 385 790
551 382 242
552 242 593
552 293 297
552 952 397
553 695 970
553 509 306
553 532 542
553 828 504
553 915 513
554 524 6
554 71 638
554 285 77
555 742 734
555 854 584
556 394 937
556 238 721
556 832 757
556 414 416
556 127 343
557 745 587
557 414 861
557 776 181
557 544 348
557 76 585
557 95 232
557 258 960
558 703 404
558 200 226
558 704 502
558 571 372
558 151 870
559 631 116
559 454 106
559 42 322
559 483 688
559 704 858
560 326 943
561 472 383
561 235 771
561 139 346
561 545 524
561 75 777
561 313 672
562 754 280
563 808 386
563 322 841
563 695 381
563 580 428
563 676 451
564 587 66
564 780 192
564 573 359
564 833 253
565 864 268
565 151 689
565 221 183
565 592 909
565 808 22
565 290 917
566 973 7
567 473 916
567 288 739
567 185 257
568 806 576
568 299 664
568 996 60
568 299 763
568 609 532
568 569 275
569 838 64
569 714 763
569 546 632
569 140 833
570 70 98
570 965 582
570 653 333
571 56 741
571 850 833
571 616 987
571 40 305
571 21 185
572 963 981
572 700 257
572 735 933
572 421 138
573 914 839
573 640 933
573 215 326
573 520 567
573 309 342
573 683 351
574 992 567
574 547 668
574 252 138
575 16 77
575 273 646
576 498 275
576 823 762
576 165 564
577 947 698
577 688 360
577 511 308
577 884 675
578 276 147
578 541 633
578 228 570
578 119 694
578 372 833
578 283 15
578 322 619
579 225 562
579 916 760
579 512 490
579 969 346
580 454 255
580 246 534
580 562 89
580 786 929
581 719 437
581 766 427
581 931 106
582 473 346
582 760 681
582 267 996
582 957 991
582 936 254
582 222 119
582 727 125
582 91 684
583 227 401
583 642 422
583 839 467
583 312 526
583 548 782
583 116 391
583 925 719
584 799 539
584 572 834
584 104 942
585 636 941
585 831 587
585 821 625
585 214 227
585 474 545
585 145 489
585 714 110
586 435 456
587 224 33
587 589 427
587 396 841
588 417 983
588 438 30
588 302 376
588 263 752
588 364 398
588 890 317
589 357 939
590 103 361
590 743 509
590 502 408
591 607 400
591 788 703
591 573 807
591 255 187
592 283 913
592 94 355
592 315 695
592 459 826
593 51 370
593 909 600
593 349 576
593 832 755
594 936 617
594 51 703
594 928 412
594 586 720
595 473 472
595 309 68
595 311 102
595 76 173
595 823 265
595 530 416
595 891 887
596 237 546
596 868 929
596 626 811
596 688 815
597 727 922
597 184 987
597 817 784
597 695 676
597 672 595
597 433 655
597 611 654
597 741 82
597 578 881
598 596 157
598 289 695
598 125 608
598 224 96
598 74 298
598 488 115
598 10 503
598 51 386
599 804 603
600 467 904
600 472 744
600 792 54
600 174 167
601 637 820
601 486 583
601 949 297
601 101 991
601 32 938
601 525 582
602 650 365
602 335 164
602 248 490
603 397 503
603 168 669
603 486 677
603 871 687
603 12 836
603 191 660
603 765 683
603 59 228
604 45 908
604 787 764
604 13 388
604 477 461
604 248 631
605 74 927
605 736 357
605 68 248
605 415 221
605 935 429
605 438 632
606 580 10
606 411 795
606 873 598
606 616 881
607 680 171
607 542 276
607 570 245
607 830 513
607 206 547
608 68 707
608 189 282
609 495 834
609 302 897
609 360 241
610 566 950
610 447 281
610 295 161
610 643 25
610 960 943
611 524 8
611 730 420
611 297 106
611 133 371
612 163 944
612 81 227
613 919 419
613 989 168
613 857 364
613 651 436
613 546 638
613 659 617
613 427 806
613 168 224
614 394 860
614 80 524
614 597 326
614 412 893
615 949 636
615 260 775
615 970 844
615 487 761
616 326 982
617 14 981
617 948 707
617 69 443
617 803 156
617 796 850
617 797 208
617 898 970
618 199 383
618 866 102
618 759 369
618 215 324
619 5 564
619 434 412
619 208 699
619 148 825
619 634 481
620 495 534
620 577 353
620 461 202
620 253 545
621 726 560
621 711 719
621 775 302
621 506 882
622 523 863
622 223 748
622 465 632
622 196 470
622 13 982
622 435 991
622 887 223
622 633 309
623 449 331
623 655 528
623 339 742
623 740 64
624 808 296
624 345 410
624 873 639
624 444 830
625 386 821
625 801 784
625 701 374
625 661 748
625 838 581
626 796 132
626 78 532
627 696 585
627 687 82
627 580 874
627 380 675
627 15 386
627 376 751
628 345 736
628 192 634
628 113 439
629 216 696
629 975 199
629 514 417
630 38 859
630 915 829
630 409 740
630 489 431
631 83 449
631 777 427
631 466 785
631 233 271
632 179 933
632 714 130
632 206 727
633 105 872
633 398 536
633 85 736
633 996 229
633 211 470
633 663 806
633 127 594
634 690 755
634 406 71
634 644 1000
634 283 124
635 906 389
635 316 630
635 926 356
635 701 993
635 281 42
636 265 251
636 392 555
636 877 762
636 138 914
636 71 365
636 939 749
636 225 325
636 232 399
637 274 888
637 138 727
637 849 981
637 231 257
637 120 741
637 295 821
637 500 71
638 806 760
639 704 806
639 973 868
639 237 677
639 488 954
640 180 182
640 846 299
640 219 979
640 741 416
640 19 315
641 15 704
641 376 26
642 619 760
643 38 835
643 75 316
644 358 820
644 687 183
645 96 175
645 992 286
645 378 637
645 313 746
645 231 511
645 663 156
646 463 389
646 221 694
646 610 175
646 454 500
646 678 647
646 548 975
646 265 459
646 879 648
647 427 1
647 130 595
648 553 268
648 981 75
648 354 232
648 240 876
648 673 419
648 182 512
649 398 49
649 144 937
649 318 104
649 863 669
650 596 365
650 81 200
650 680 533
650 304 616
650 255 983
651 497 830
651 581 326
651 577 107
651 772 211
652 218 252
652 24 580
653 199 819
653 326 274
654 131 274
654 725 199
654 824 152
654 739 412
655 276 993
655 408 261
655 102 40
655 365 538
656 53 178
656 162 130
656 349 709
656 619 972
656 205 907
657 554 436
657 204 311
657 869 473
657 120 728
658 724 693
658 315 943
659 958 797
659 596 212
659 372 389
661 362 558
661 783 186
661 279 142
661 693 77
661 797 39
661 355 817
662 755 312
662 678 544
662 592 96
662 369 93
662 564 808
662 235 752
663 973 6
663 533 475
663 249 412
663 885 680
663 387 840
664 981 796
664 746 882
665 729 592
665 633 524
665 494 176
665 599 823
666 367 122
666 295 212
666 182 967
666 781 163
666 783 324
666 467 268
667 809 96
667 725 635
667 452 838
668 492 865
668 141 205
669 39 45
669 800 70
669 852 892
669 541 449
670 242 701
670 55 642
671 756 619
671 815 317
671 562 436
671 733 633
671 207 621
671 9 32
672 80 762
672 77 276
672 25 221
672 790 827
672 548 725
672 859 683
672 895 482
672 4 170
672 972 338
672 907 690
674 843 137
674 858 6
674 356 240
675 702 45
675 893 206
676 994 829
676 454 308
676 548 637
676 813 364
676 7 65
676 520 302
677 847 606
677 309 626
677 863 374
677 587 547
677 646 253
677 953 120
678 326 757
678 192 318
678 124 324
678 965 237
679 750 740
679 124 219
679 933 77
680 144 531
680 50 409
680 245 167
680 410 932
680 446 667
680 181 275
681 23 341
681 174 168
682 816 452
682 526 242
682 328 332
682 749 663
682 54 629
683 162 616
683 894 77
683 1 446
683 17 498
683 420 532
683 394 933
683 945 191
684 270 163
684 809 88
685 247 431
685 725 92
685 677 333
685 446 111
685 455 291
686 3 70
687 30 723
688 761 837
688 808 438
688 525 375
688 167 141
688 14 242
688 714 254
689 693 801
689 352 284
690 321 40
690 147 931
690 393 341
690 684 729
690 575 317
691 812 535
691 272 684
691 622 604
691 700 168
692 661 839
692 15 992
692 533 265
693 565 543
693 866 767
694 422 533
694 513 183
694 79 11
694 295 516
695 907 140
695 688 409
695 723 49
695 334 746
695 248 630
696 348 629
696 345 412
696 790 923
696 530 340
696 133 383
696 808 925
696 526 363
697 949 797
697 731 298
697 930 681
697 974 649
697 689 84
698 453 417
699 804 840
699 453 839
699 715 307
700 222 73
701 764 728
702 708 360
702 346 560
702 560 53
702 303 332
702 341 300
703 892 911
703 660 835
704 688 599
704 939 202
704 999 936
705 424 249
705 588 926
705 833 428
705 697 923
705 119 308
705 50 522
706 146 82
706 896 32
706 895 63
706 672 611
706 67 968
706 863 655
707 610 768
707 548 544
707 292 973
707 689 63
707 138 390
707 618 253
707 379 712
707 304 107
708 650 21
708 83 482
708 827 476
708 166 907
709 351 984
709 998 588
710 543 907
710 228 938
710 506 113
712 300 149
712 112 826
712 409 12
712 270 387
712 978 697
712 944 393
712 774 176
713 687 896
713 742 387
713 498 819
714 182 661
714 368 563
714 204 92
714 844 69
714 518 445
715 866 659
715 276 594
715 56 282
715 395 958
715 849 608
715 741 687
716 251 600
717 716 400
717 402 857
717 479 777
718 955 955
718 309 248
718 531 733
719 721 298
719 822 891
719 211 372
720 206 107
720 814 827
721 805 142
721 54 272
721 591 184
722 668 821
722 771 721
722 780 887
722 353 534
722 603 41
722 889 175
723 64 105
723 438 10
723 697 536
723 171 773
724 480 750
724 60 594
725 395 487
725 195 620
725 839 618
725 223 837
726 348 548
726 881 992
727 909 693
727 186 870
728 803 368
728 412 496
728 850 862
728 684 324
728 288 780
728 197 814
729 790 772
729 411 883
729 428 576
730 672 157
730 494 982
730 395 148
730 880 648
730 92 620
730 648 136
730 949 572
731 943 910
731 438 82
731 973 188
731 262 959
731 700 770
731 983 174
732 483 215
732 673 163
732 663 549
732 877 405
732 215 607
733 878 522
733 210 529
733 442 677
733 15 659
734 485 532
734 43 700
735 417 804
736 869 863
736 900 437
736 172 321
737 918 453
737 625 521
737 732 239
737 988 513
737 93 526
737 535 361
737 330 538
738 841 807
738 737 316
738 128 667
738 867 30
739 505 320
739 706 790
739 278 211
740 69 143
740 1 863
741 721 575
741 893 574
741 656 493
742 846 426
742 433 328
742 253 738
742 353 77
743 991 65
743 598 49
743 87 920
743 963 533
744 78 251
744 567 413
745 213 201
746 681 584
746 718 716
746 716 660
746 766 803
746 718 146
747 62 37
747 497 851
748 402 318
748 801 807
748 464 357
748 322 837
748 733 214
749 380 393
749 158 909
749 295 914
750 201 800
750 772 558
750 568 126
751 647 754
751 323 897
752 311 707
752 189 159
752 782 91
752 836 466
752 314 532
752 662 52
752 216 906
753 350 377
753 102 789
753 709 21
753 428 872
753 804 873
753 645 254
754 238 104
754 863 492
754 607 36
755 784 621
756 147 459
756 593 394
756 753 583
757 849 378
757 860 953
757 392 162
757 909 296
758 491 697
758 383 25
758 756 755
758 140 15
758 156 307
759 428 450
759 122 188
759 560 103
759 166 968
759 823 713
760 702 155
760 512 313
760 402 677
761 577 508
762 476 930
762 311 455
762 308 39
762 513 127
762 204 46
763 779 141
763 780 824
763 974 515
764 549 813
764 829 175
764 895 679
765 155 103
765 57 159
765 889 941
765 151 692
765 846 144
765 923 930
765 210 486
766 623 150
766 993 967
767 88 402
767 911 752
768 726 945
768 91 418
768 30 114
768 539 244
768 821 659
768 396 995
769 375 398
769 836 935
769 134 811
770 518 423
770 245 69
770 474 107
770 67 948
770 67 709
770 453 845
770 369 3
770 382 808
770 556 338
770 795 631
771 347 87
771 855 499
772 831 521
772 680 231
773 552 363
773 598 131
773 137 602
773 267 773
773 739 518
773 771 353
773 698 748
773 501 124
773 111 915
773 938 45
774 889 853
774 84 386
774 19 135
775 449 940
775 9 942
775 282 235
776 580 341
776 965 123
776 160 131
776 356 848
776 781 71
777 377 559
777 302 221
778 534 461
779 826 351
779 128 107
779 907 40
780 729 8
780 291 458
780 513 709
780 505 304
780 25 998
780 186 674
780 973 472
780 857 911
781 844 706
782 993 735
782 515 544
782 838 125
783 355 286
783 64 420
783 738 700
783 812 910
783 858 804
783 74 751
783 561 11
784 981 708
785 898 669
785 443 599
785 764 274
785 817 196
786 258 90
786 512 112
786 497 202
786 185 943
786 326 633
787 4 604
787 260 625
787 313 307
788 997 152
788 59 665
788 590 447
788 907 892
789 648 499
789 855 574
789 514 297
789 567 749
789 279 603
790 950 691
790 661 319
790 211 305
790 742 617
791 781 790
791 253 603
791 940 602
791 535 987
791 28 681
791 217 201
792 757 578
792 732 908
792 307 677
793 166 317
793 351 660
793 828 982
794 387 93
794 680 276
794 242 708
794 311 279
794 513 577
795 50 891
795 474 746
796 70 251
796 195 736
796 848 833
796 342 338
797 539 150
797 868 659
797 642 396
797 235 739
797 717 865
798 194 650
798 70 998
798 125 293
799 2 695
799 68 555
800 575 678
800 57 630
801 64 960
801 735 767
801 405 470
802 12 978
802 435 459
803 539 539
803 15 902
803 989 434
803 677 519
803 295 541
803 645 84
804 333 279
804 461 716
805 446 586
805 383 823
805 289 8
805 296 761
805 890 593
805 257 186
805 211 77
806 473 347
806 84 749
806 355 460
806 405 985
806 528 252
807 122 897
807 901 763
807 51 196
807 899 768
808 558 217
808 429 612
808 485 876
809 226 349
809 419 811
809 766 885
809 544 584
809 705 239
809 56 673
810 599 414
811 616 657
811 246 742
811 862 294
812 236 948
812 548 385
812 307 343
813 232 616
813 414 941
813 410 715
813 382 589
814 260 282
814 821 779
814 319 612
815 463 225
815 550 374
815 615 615
815 508 878
816 90 799
816 652 68
816 672 502
816 931 19
816 446 984
816 858 433
817 982 556
817 624 342
817 965 214
817 706 547
817 434 513
817 382 449
818 352 861
818 770 253
818 80 323
819 918 541
819 59 825
819 802 889
819 7 1000
820 152 314
820 873 567
820 76 478
820 805 441
821 200 42
821 721 2
821 874 844
821 501 245
822 649 745
822 940 950
822 195 431
822 575 133
822 450 858
822 303 804
822 415 851
822 119 174
822 185 903
822 167 753
823 121 523
823 129 557
823 565 899
823 898 236
824 571 348
824 78 358
824 500 293
824 105 397
825 693 299
825 396 280
825 370 796
825 407 147
826 393 667
826 506 783
826 545 985
826 360 130
826 835 48
826 199 589
826 158 558
826 64 702
827 769 272
827 176 734
827 602 765
827 159 698
827 25 255
827 68 1
827 768 378
828 644 38
828 145 431
828 879 336
828 872 790
828 307 217
828 200 81
828 742 627
829 59 41
829 533 992
829 783 607
829 987 977
829 932 710
829 108 509
830 764 69
831 335 464
832 938 213
832 674 363
832 163 806
832 105 976
833 838 441
834 466 359
835 150 321
835 733 236
836 36 863
837 137 676
837 649 231
837 679 615
838 84 427
838 19 710
838 658 362
838 468 672
838 937 878
839 220 752
839 282 144
839 600 128
840 341 393
840 930 39
840 342 733
840 562 990
841 51 847
841 748 729
842 492 769
842 671 521
842 226 549
842 483 374
842 27 483
842 483 446
843 108 285
843 992 325
843 281 743
843 250 263
844 696 931
844 511 750
844 266 99
844 776 269
844 703 676
844 237 432
844 12 360
845 387 693
845 700 614
845 573 796
845 744 396
845 239 115
846 897 857
846 457 128
847 781 316
847 66 546
848 760 722
848 697 137
848 426 725
848 760 840
848 759 423
848 6 398
849 720 658
849 701 45
850 186 88
850 830 746
850 575 346
850 180 741
850 147 290
851 268 317
851 423 672
851 391 209
851 640 1
851 429 404
851 894 958
851 88 85
851 772 818
851 987 53
852 296 716
852 429 226
852 877 668
852 920 41
852 515 560
853 75 295
853 33 47
853 3 440
853 482 14
853 55 726
854 7 50
854 476 774
854 218 491
855 979 704
855 806 831
855 655 228
855 32 208
855 975 419
856 539 659
856 565 836
856 437 750
857 69 674
857 862 98
858 238 429
858 794 677
858 461 749
858 871 858
858 619 963
859 181 800
859 666 36
859 717 960
860 30 251
860 403 723
860 577 347
861 879 847
861 121 578
861 773 867
862 54 845
862 35 810
862 636 3
862 118 180
862 199 314
863 370 881
863 445 482
863 532 224
863 406 151
863 862 997
863 664 407
864 471 474
864 868 559
864 127 609
864 381 547
864 402 587
865 894 981
865 808 158
865 511 103
865 516 601
866 551 46
866 449 454
866 313 572
866 679 283
866 637 290
866 541 165
866 181 60
866 976 872
867 930 562
867 447 355
867 160 709
867 513 579
867 718 244
868 950 964
868 864 571
868 829 65
868 907 725
868 970 565
868 800 905
869 644 403
869 715 891
869 670 737
870 947 715
870 575 632
870 287 84
870 492 760
871 465 30
871 98 577
872 592 933
872 758 733
872 376 842
872 449 113
872 692 528
873 732 598
873 515 162
873 171 724
873 248 638
873 277 237
874 185 529
874 29 494
874 521 250
874 203 221
875 987 971
875 267 272
876 232 418
876 318 103
876 724 723
877 695 258
877 322 741
877 588 393
877 797 318
877 532 869
877 963 42
877 918 975
877 50 739
877 125 90
877 524 529
878 955 572
878 377 953
879 884 945
879 825 6
879 161 871
879 507 575
879 847 676
879 506 461
879 434 908
879 638 50
879 103 966
880 300 624
881 880 962
881 979 428
881 241 122
881 9 732
882 150 106
882 936 394
882 117 804
883 539 325
883 73 443
884 837 345
884 356 896
884 39 560
884 282 554
885 426 616
885 628 222
886 337 28
886 45 261
886 683 197
886 50 935
886 337 896
886 707 459
886 992 399
887 404 780
887 642 851
887 825 626
888 719 504
888 514 326
889 582 13
889 492 992
889 594 944
890 394 456
890 342 594
890 85 288
890 759 115
890 958 263
891 254 3
892 906 632
892 989 186
892 400 420
893 732 655
893 240 63
893 568 433
893 785 336
894 580 861
894 724 230
894 553 548
894 595 192
894 402 645
895 636 476
895 99 390
895 450 637
895 968 323
895 350 794
895 820 854
895 346 29
895 837 967
896 874 474
896 397 576
896 86 14
896 642 197
897 643 527
897 823 746
897 724 85
897 137 257
898 260 651
898 410 400
899 462 625
899 236 22
899 719 624
899 368 624
900 882 634
900 792 422
900 835 117
901 821 652
902 529 67
902 665 838
902 459 384
903 946 846
903 392 78
903 326 934
903 196 890
903 285 604
903 486 268
904 294 818
905 847 92
905 900 770
905 347 740
905 807 493
906 330 112
906 787 250
906 897 277
906 595 267
906 354 56
907 986 592
907 358 317
907 874 671
907 670 715
907 41 157
907 466 997
908 634 240
908 589 469
909 282 539
909 32 670
909 377 378
909 760 191
909 466 718
910 396 298
910 826 754
910 434 465
910 468 510
910 153 548
910 417 155
911 586 140
911 13 30
911 758 41
911 631 821
911 208 147
911 358 703
912 3 634
912 269 178
913 81 512
913 555 586
913 809 953
913 501 190
914 863 851
914 25 814
915 500 252
915 122 718
915 457 157
915 83 503
916 775 721
916 623 707
917 962 137
917 962 425
917 909 554
918 676 601
918 57 951
919 73 253
919 922 347
919 786 497
920 377 62
920 332 870
920 967 617
920 748 521
922 606 488
922 656 473
922 173 696
922 781 73
922 121 763
923 236 822
924 484 237
924 159 112
924 238 786
924 661 326
925 910 451
925 667 439
925 19 367
926 734 20
926 35 420
926 50 214
926 111 162
926 57 963
927 576 970
928 806 761
928 198 62
928 382 92
928 231 431
928 666 739
928 946 642
929 718 557
929 298 783
929 274 166
929 152 406
929 8 380
929 927 388
930 795 690
930 651 126
930 512 661
930 192 528
930 508 51
930 654 25
932 730 991
932 372 742
932 16 119
932 41 524
932 265 21
932 600 587
932 893 923
933 503 502
933 88 317
933 637 266
933 105 403
933 691 132
933 710 933
934 279 639
934 479 352
934 334 431
934 385 304
934 631 638
935 984 186
935 186 752
935 652 980
936 877 40
936 506 877
936 964 676
936 648 516
937 173 688
937 482 707
937 306 86
937 948 680
938 205 182
938 903 872
938 624 415
938 372 453
938 600 493
939 882 7
939 593 505
939 319 756
940 690 398
940 469 954
940 56 260
940 740 83
940 847 776
940 342 604
940 833 47
940 952 183
941 412 669
941 432 915
942 433 423
942 239 786
942 100 75
942 863 299
942 821 611
943 298 269
943 233 324
943 811 872
944 26 868
944 969 149
944 213 737
944 40 996
945 664 850
945 581 296
945 589 843
945 289 313
945 19 633
946 117 106
946 132 401
946 11 782
947 614 154
947 608 968
947 917 338
947 549 497
947 599 885
947 542 219
947 139 407
948 942 966
948 631 446
948 169 61
948 40 945
948 974 305
948 46 143
948 320 712
949 462 513
949 679 963
950 676 951
950 587 203
950 676 703
950 617 23
950 286 300
951 636 125
951 498 995
951 419 777
951 817 176
952 977 968
952 628 43
952 483 884
952 486 534
953 928 331
953 969 353
954 516 738
954 274 607
954 936 136
954 197 152
954 418 801
955 521 19
955 102 787
955 538 237
956 949 798
956 892 134
956 508 738
956 13 69
956 476 201
956 175 149
956 967 600
957 961 176
957 793 9
957 220 400
957 692 891
958 950 58
958 738 185
958 758 368
958 550 248
959 908 343
960 727 416
960 395 522
960 565 764
960 910 536
960 536 45
961 325 845
961 651 906
961 458 149
961 151 390
961 800 715
961 22 892
961 830 731
961 281 636
962 397 945
962 220 110
962 525 536
963 177 256
963 79 550
963 127 561
963 846 136
964 397 761
964 245 290
965 897 559
965 408 125
965 685 5
965 373 251
965 324 396
965 397 51
966 675 629
966 79 572
967 282 548
967 272 6
967 83 857
967 988 418
967 237 658
968 445 750
968 143 604
968 448 447
968 545 453
969 556 44
969 829 843
969 917 866
969 216 884
969 188 94
969 834 454
970 774 943
971 421 945
971 626 221
971 311 513
972 485 229
972 932 449
972 449 984
972 673 5
973 366 233
973 618 466
974 259 987
974 600 722
974 152 21
974 271 372
974 644 53
975 395 817
975 766 834
975 21 66
976 802 111
976 857 126
976 259 345
976 405 378
976 500 223
977 567 201
977 129 854
978 393 487
978 156 840
978 944 375
978 51 794
978 612 181
979 334 166
979 256 145
979 93 674
979 310 421
979 685 986
980 114 228
980 154 478
980 93 484
980 11 68
980 692 513
980 199 606
980 159 651
981 811 528
981 994 794
981 522 570
981 906 628
981 620 382
982 997 113
982 641 785
982 918 643
983 506 269
983 793 260
983 786 242
984 165 839
984 269 938
984 126 797
984 847 210
984 855 667
985 467 769
985 425 839
986 423 773
986 581 375
986 137 821
987 51 945
987 45 428
987 274 137
987 521 292
988 722 604
988 388 226
988 98 42
989 201 323
990 358 141
990 731 413
990 21 1
990 973 677
990 997 201
990 919 955
990 638 757
991 851 62
991 839 748
991 837 73
991 777 665
991 834 542
991 293 727
991 307 952
992 737 928
992 450 132
992 251 387
993 494 45
994 525 174
994 900 606
994 878 202
995 549 56
995 730 447
995 443 982
995 891 583
995 935 11
995 10 912
995 867 288
995 507 481
995 684 801
996 153 898
996 124 369
996 109 60
996 589 230
996 666 826
996 160 797
996 735 721
997 944 427
997 465 242
997 106 452
997 204 33
997 464 264
997 680 859
998 733 934
998 696 75
999 749 997
999 180 556
999 604 49
999 795 221
